example graph10x10
Shortest path distance: 6586
Shortest path: 1->10->7->6->5->3->9->8->4->2->1	
10
-1 0 648 2625 549 2185 1898 1458 1752 1963 427 
-2 648 0 2363 481 2129 2030 1641 1594 1638 557 
-3 2625 2362 0 1965 669 1274 1541 920 744 2172 
-4 549 481 1965 0 1667 1605 1194 1132 1242 431 
-5 2185 2129 669 1667 0 621 906 541 643 1733 
-6 1898 2030 1274 1605 621 0 443 662 978 1482 
-7 1458 1641 1541 1194 906 443 0 754 1106 1074 
-8 1752 1594 920 1132 541 662 754 0 347 1293 
-9 1963 1638 744 1242 643 978 1106 347 0 1511 
-10 427 557 2172 431 1733 1482 1074 1293 1511 0 