example graph6x6
Shortest path distance: 229
Shortest path: 1->6->5->4->3->2->1
6
-1 0 36 32 54 20 40
-2 36 0 22 58 54 67
-3 32 22 0 36 42 71
-4 54 58 36 0 50 92
-5 20 54 42 50 0 45
-6 40 67 71 92 45 0